   -0.42561364
    0.20389769
   -0.23416465
   -0.05036574
   -0.16565398
    0.04494944
   -0.05844404
    0.02149198
   -0.20088224
    0.14046228
    0.10895256
   -0.25522980
    0.36586303
   -0.15118597
   -0.40993056
    0.10291067
   -0.28040798
    0.36958065
   -0.15616437
   -0.40691336
    0.09700757
   -0.31992812
    0.24034716
    0.09825393
   -0.25189983
    0.36602248
   -0.15664834
   -0.42652871
    0.10595092
   -0.26519911
    0.37080641
   -0.15049477
   -0.41013173
    0.09785003
   -0.26278166
    0.37023865
   -0.15218378
   -0.41290628
    0.09408637
    0.06871454
   -0.25629450
    0.36608987
   -0.15030449
   -0.40119645
   -0.32232061
    0.10445004
    0.06683753
   -0.26348375
    0.36388741
   -0.15443237
   -0.40843995
   -0.30976534
    0.10321192
   -0.31847855
    0.24088596
   -0.33337111
    0.07467946
    0.20406864
    0.20623834
    0.17737816
    0.07114089
    0.08199877
    0.04419294
    0.07829672
    0.06301595
    0.09224109
    0.08594831
    0.08924133
    0.08766908
    0.11642007
    0.08397782
    0.07628134
    0.05968716
    0.06115194
    0.07431211
    0.07925788
    0.11731551
    0.08732135
    0.08925850
    0.07926348
    0.10112330
    0.07947127
    0.07621595
    0.08074265
    0.10431372
    0.08023600
    0.08192033
    0.07862424
    0.07691014
    0.08585615
    0.08167312
    0.07857634
    0.06709894
    0.08619162
    0.07681430
    0.08279031
    0.10314799
    0.08208528
    0.07313791
    0.05235972
    0.03948454
    0.05986604
