           1           2   1.4665155400750036     
           1           3  0.15469348679438885     
           2           3   1.2880758689765976     
           2           4   1.1696068156283930     
           4           5   1.1312862086604123     
           4           6  0.11375238971105883     
           5           6   1.7429999497138891     
           6           7   1.0103050787191816     
           7           8  0.98306745348215918     
           8           9  0.97007336254256682     
           9          10  0.94379886299582028     
          10          11  0.96389461630336959     
          11          12  0.95650343366684998     
          12          13   1.1035367963123206     
          13          14  0.99461624782179148     
          12          15  0.16469147240331589     
          13          15   1.7575906325150785     
          11          16  0.97088479662400862     
          16          17  0.94653501920847816     
          17          18   1.0924029870553535     
          18          19  0.99801763815248312     
          17          20  0.16065997856044889     
          18          20   1.7563477263123339     
          16          21  0.96702567091796121     
          21          22  0.96988634370484295     
          22          23  0.97533265043326145     
          23          24  0.94595361552836787     
          24          25  0.95745218320485537     
          25          26   1.1117328068845245     
          26          27   1.0012436348023011     
          25          28  0.16278565697381125     
          26          28   1.7353003081423866     
          24          29  0.97580161721844250     
          29          30  0.94824465245769440     
          30          31   1.1046033838343043     
          31          32  0.99277636456628338     
          30          33  0.16465362805224387     
          31          33   1.7580127774558978     
          29          34  0.96214553369210576     
          34          35  0.95278036649019837     
          35          36   1.1042642147664257     
          36          37  0.99485369509543864     
          35          38  0.16427771868115029     
          36          38   1.7546415861827047     
          34          39  0.96622194272085316     
          39          40  0.98040994906811774     
          40          41  0.96320552683478389     
          41          42   1.1082218657905896     
          42          43  0.99024319047946352     
          41          44  0.16721079479962353     
          42          44   1.7667674432627765     
          23          45  0.98465235803980267     
          39          45  0.96098335191833839     
          21          46  0.96449811280716746     
          46          47  0.98005515503503171     
          47          48  0.96201961009194004     
          48          49   1.1015095809157618     
          49          50  0.99856568517606481     
          48          51  0.16356435190679475     
          49          51   1.7576145461395769     
          10          52   1.0090572560452418     
          46          52  0.96302490768652560     
           8          53  0.97777449664334537     
          53          54  0.97284638964568926     
           6          55  0.94750361855762677     
          54          55  0.98385575801263536     
          55          56  0.95094774784787461     
          53          57  0.96836552810264787     
          56          57  0.97914749075836394     
           3          58  0.92886102000314619     
           3          59  0.94115954215478270     
           4          60  0.92277284357476952     
           7          61  0.97174245793570024     
           7          62  0.94800982030638692     
           8          63  0.96393034392119603     
          10          64  0.94939145906493561     
          11          65  0.94997513042750059     
          14          66  0.94918520072533918     
          14          67  0.97328327026218187     
          14          68  0.97458354948270232     
          16          69  0.94916440514202205     
          19          70  0.93633870702499145     
          19          71  0.97187216187103664     
          19          72  0.97836700169739865     
          21          73  0.95736501114894934     
          23          74  0.94635425592552591     
          24          75  0.95164280032611070     
          27          76  0.98087921278758938     
          27          77  0.93457708647298809     
          27          78  0.96452784658569035     
          29          79  0.95012509809033630     
          32          80  0.97165784519182530     
          32          81  0.94736299295526250     
          32          82  0.97959853291233112     
          34          83  0.95268637989848337     
          37          84  0.97190048188081124     
          37          85  0.94498132007902602     
          37          86  0.97888054566038885     
          39          87  0.94096389703999495     
          40          88  0.95988148426389486     
          40          89  0.96503841803045565     
          43          90  0.95308930893776278     
          43          91  0.97589429305848285     
          43          92  0.97691809082869774     
          46          93  0.94848903958640784     
          47          94  0.96423780926308600     
          47          95  0.95538269039292634     
          50          96  0.98016582611173164     
          50          97  0.94380827160191250     
          50          98  0.96647870528213442     
          53          99  0.95513109047793165     
          55         100  0.94767132501322171     
          57         101  0.96988114012520488     
          57         102  0.97165581067551920     
